% -------------------------------------------------------------------
%  Generated by MATLAB on 24-Jul-2024 11:19:47
%  MATLAB version: 9.10.0.1602886 (R2021a)
% -------------------------------------------------------------------
smiData = struct;
smiData.RigidTransform = struct;
smiData.RigidTransform(1).translation = ...
  [0 0.021675 0.00175];
smiData.RigidTransform(1).angle = 3.1415926535897931;
smiData.RigidTransform(1).axis = [-0 0.70710678118654746 0.70710678118654757 ...
                                  ];
smiData.RigidTransform(1).ID = ['B[f2306f419b91c97e0ba28ef7:M4pKZFKUAhY' ...
                                'rUcqxq:-:f2306f419b91c97e0ba28ef7:MjbS' ...
                                'a5sMUsFS8sf33]'];
smiData.RigidTransform(2).translation = ...
  [0 0 0.064];
smiData.RigidTransform(2).angle = 0;
smiData.RigidTransform(2).axis = [0 0 0];
smiData.RigidTransform(2).ID = ['F[f2306f419b91c97e0ba28ef7:M4pKZFKUAhY' ...
                                'rUcqxq:-:f2306f419b91c97e0ba28ef7:MjbS' ...
                                'a5sMUsFS8sf33]'];
smiData.RigidTransform(3).translation = ...
  [0 0.02 0];
smiData.RigidTransform(3).angle = 1.5707963267948968;
smiData.RigidTransform(3).axis = [1 0 0];
smiData.RigidTransform(3).ID = ['B[f2306f419b91c97e0ba28ef7:MhGGjslxj1E' ...
                                '6oeXB3:-:f2306f419b91c97e0ba28ef7:MjbS' ...
                                'a5sMUsFS8sf33]'];
smiData.RigidTransform(4).translation = ...
  [0 0 -0.064];
smiData.RigidTransform(4).angle = 3.1415926535897931;
smiData.RigidTransform(4).axis = [1 0 0];
smiData.RigidTransform(4).ID = ['F[f2306f419b91c97e0ba28ef7:MhGGjslxj1E' ...
                                '6oeXB3:-:f2306f419b91c97e0ba28ef7:MjbS' ...
                                'a5sMUsFS8sf33]'];
smiData.RigidTransform(5).translation = ...
  [0 0.00175 0];
smiData.RigidTransform(5).angle = 3.1415926535897931;
smiData.RigidTransform(5).axis = [-0 0 1];
smiData.RigidTransform(5).ID = ['B[20c19bc2414859b8e1ac8e1c:MpDkDYXe/QJ' ...
                                'NefJOO:-:20c19bc2414859b8e1ac8e1c:MANe' ...
                                'l8YSwSHPlT9ia:M4pKZFKUAhYrUcqxq]'];
smiData.RigidTransform(6).translation = ...
  [0 0.0185 0.00175];
smiData.RigidTransform(6).angle = 1.5707963267948968;
smiData.RigidTransform(6).axis = [-1 -0 -0];
smiData.RigidTransform(6).ID = ['F[20c19bc2414859b8e1ac8e1c:MpDkDYXe/QJ' ...
                                'NefJOO:-:20c19bc2414859b8e1ac8e1c:MANe' ...
                                'l8YSwSHPlT9ia:M4pKZFKUAhYrUcqxq]'];
smiData.RigidTransform(7).translation = ...
  [0 0 -0.58];
smiData.RigidTransform(7).angle = 1.5707963267948968;
smiData.RigidTransform(7).axis = [-0 -0 -1];
smiData.RigidTransform(7).ID = ['B[17517293b29a4fa8082e9099:MLcf/Po2HT9' ...
                                'hwk865:-:17517293b29a4fa8082e9099:MKCz' ...
                                'pbOibs8kLd/VG]'];
smiData.RigidTransform(8).translation = ...
  [0 0 0];
smiData.RigidTransform(8).angle = 0;
smiData.RigidTransform(8).axis = [0 0 0];
smiData.RigidTransform(8).ID = ['F[17517293b29a4fa8082e9099:MLcf/Po2HT9' ...
                                'hwk865:-:17517293b29a4fa8082e9099:MKCz' ...
                                'pbOibs8kLd/VG]'];
smiData.RigidTransform(9).translation = ...
  [0 0 -0.58];
smiData.RigidTransform(9).angle = 1.5707963267948968;
smiData.RigidTransform(9).axis = [-0 -0 -1];
smiData.RigidTransform(9).ID = ['B[dfd6a278815e37caaa2ee01a:M/aiVa94jfS' ...
                                'ZAiHxR:-:dfd6a278815e37caaa2ee01a:M68D' ...
                                'zNdYO8ojtWunb]'];
smiData.RigidTransform(10).translation = ...
  [0 0 -0];
smiData.RigidTransform(10).angle = 3.1415926535897931;
smiData.RigidTransform(10).axis = [1 0 0];
smiData.RigidTransform(10).ID = ['F[dfd6a278815e37caaa2ee01a:M/aiVa94jf' ...
                                 'SZAiHxR:-:dfd6a278815e37caaa2ee01a:M6' ...
                                 '8DzNdYO8ojtWunb]'];
smiData.RigidTransform(11).translation = ...
  [0 0 -0.58];
smiData.RigidTransform(11).angle = 0;
smiData.RigidTransform(11).axis = [0 0 0];
smiData.RigidTransform(11).ID = ['B[51dab342e75b4e4c77402211:MxEFiWvqxX' ...
                                 'Ri8zmII:-:51dab342e75b4e4c77402211:Mh' ...
                                 '9B/Kmdg98CCGYsF]'];
smiData.RigidTransform(12).translation = ...
  [0 0 0];
smiData.RigidTransform(12).angle = 0;
smiData.RigidTransform(12).axis = [0 0 0];
smiData.RigidTransform(12).ID = ['F[51dab342e75b4e4c77402211:MxEFiWvqxX' ...
                                 'Ri8zmII:-:51dab342e75b4e4c77402211:Mh' ...
                                 '9B/Kmdg98CCGYsF]'];
smiData.RigidTransform(13).translation = ...
  [0 0 0.027];
smiData.RigidTransform(13).angle = 3.1415926535897931;
smiData.RigidTransform(13).axis = [0 1 0];
smiData.RigidTransform(13).ID = ['B[M/Zxn4gy1bXWnnh/5:-:MM7CjXgq5YkkJYA' ...
                                 'f7]'];
smiData.RigidTransform(14).translation = ...
  [0 0 -0.0200875];
smiData.RigidTransform(14).angle = 3.1415926535897931;
smiData.RigidTransform(14).axis = [1 0 0];
smiData.RigidTransform(14).ID = ['F[M/Zxn4gy1bXWnnh/5:-:MM7CjXgq5YkkJYA' ...
                                 'f7]'];
smiData.RigidTransform(15).translation = ...
  [0.008 0 0.04];
smiData.RigidTransform(15).angle = 2.0943951023931953;
smiData.RigidTransform(15).axis = [-0.57735026918962584 0.57735026918962584 ...
                                   -0.57735026918962584];
smiData.RigidTransform(15).ID = ['B[MOQREIQgi7WrmnX9D:M68DzNdYO8ojtWunb' ...
                                 ':-:M/Zxn4gy1bXWnnh/5]'];
smiData.RigidTransform(16).translation = ...
  [-0.008 0 0.005];
smiData.RigidTransform(16).angle = 2.0943951023931953;
smiData.RigidTransform(16).axis = [-0.57735026918962584 -0.57735026918962584 ...
                                   0.57735026918962584];
smiData.RigidTransform(16).ID = ['F[MOQREIQgi7WrmnX9D:M68DzNdYO8ojtWunb' ...
                                 ':-:M/Zxn4gy1bXWnnh/5]'];
smiData.RigidTransform(17).translation = ...
  [-0.008 0 -0.04];
smiData.RigidTransform(17).angle = 2.0943951023931953;
smiData.RigidTransform(17).axis = [0.57735026918962584 -0.57735026918962584 ...
                                   -0.57735026918962584];
smiData.RigidTransform(17).ID = ['B[Mt/18Lo1PylpEj+8l:MKCzpbOibs8kLd/VG' ...
                                 ':-:M/Zxn4gy1bXWnnh/5]'];
smiData.RigidTransform(18).translation = ...
  [-0.008 0 0.005];
smiData.RigidTransform(18).angle = 2.0943951023931953;
smiData.RigidTransform(18).axis = [-0.57735026918962584 -0.57735026918962584 ...
                                   0.57735026918962584];
smiData.RigidTransform(18).ID = ['F[Mt/18Lo1PylpEj+8l:MKCzpbOibs8kLd/VG' ...
                                 ':-:M/Zxn4gy1bXWnnh/5]'];
smiData.RigidTransform(19).translation = ...
  [-0.008 0 -0.04];
smiData.RigidTransform(19).angle = 2.0943951023931953;
smiData.RigidTransform(19).axis = [0.57735026918962584 -0.57735026918962584 ...
                                   -0.57735026918962584];
smiData.RigidTransform(19).ID = ['B[M9CjMFR5ZsTWoqbKx:MKCzpbOibs8kLd/VG' ...
                                 ':-:M/z4QDcpwg92cmgnv]'];
smiData.RigidTransform(20).translation = ...
  [-0.008 0 0.005];
smiData.RigidTransform(20).angle = 2.0943951023931953;
smiData.RigidTransform(20).axis = [-0.57735026918962584 -0.57735026918962584 ...
                                   0.57735026918962584];
smiData.RigidTransform(20).ID = ['F[M9CjMFR5ZsTWoqbKx:MKCzpbOibs8kLd/VG' ...
                                 ':-:M/z4QDcpwg92cmgnv]'];
smiData.RigidTransform(21).translation = ...
  [0 0 0.027];
smiData.RigidTransform(21).angle = 3.1415926535897931;
smiData.RigidTransform(21).axis = [0.70710678118654746 0.70710678118654757 ...
                                   0];
