<?xml version="1.0" encoding="utf-8"?>
<SimscapeMultibodyImportXML xmlns="urn:mathworks:SimscapeMultibody:import"
                            xmlns:xsi="http://www.w3.org/2001/XMLSchema-instance"
                            version="2.0">
   <Created by="Martin Leray" from="Onshape" on="07/15/24||15:50:19"
            using="Simscape Multibody Exporter"/>
   <ModelUnits length="meter" mass="kilogram"/>
   <DataUnits length="meter" mass="kilogram"/>
   <RootAssembly name="8DOF_Robot" uid="cabea5b0cccb6fe36871de1d"
                 version="w-41795f51f0a1bba27b7c4d7c">
      <InstanceTree>
         <Instance entityUid="JFD*:*65a78b1d1308a9535d7a8f0c" name="Redondante_Housing &lt;2&gt;"
                   uid="M/Zxn4gy1bXWnnh/5">
            <Transform>
               <Rotation>0.652883748 -0.482630944 0.583789503 -0.651108379 -0.751409721 0.106964060 0.387040942 -0.449945333 -0.804828246 </Rotation>
               <Translation>-0.102096445 -0.003777634 -0.566265101 </Translation>
            </Transform>
         </Instance>
         <Instance entityUid="JFD*:*65a78b1d1308a9535d7a8f0c" name="Redondante_Housing &lt;1&gt;"
                   uid="M/z4QDcpwg92cmgnv">
            <Transform>
               <Rotation>-0.683306845 0.643977372 -0.344071069 0.681772883 0.731410651 0.014973158 0.261299619 -0.224347064 -0.938824214 </Rotation>
               <Translation>0.088775330 -0.136796045 -0.561746529 </Translation>
            </Transform>
         </Instance>
         <Instance entityUid="JFD*:*b0fe54c65e2c730cd733d835" name="Joint_A &lt;2&gt;"
                   uid="M0aUCYwKd5XP+Z+B2">
            <Transform>
               <Rotation>0.061026379 -0.883676952 0.464102171 -0.984034020 -0.131148728 -0.120320653 0.167190997 -0.449349591 -0.877571715 </Rotation>
               <Translation>-0.085288064 -0.120782995 -0.596826037 </Translation>
            </Transform>
         </Instance>
         <Instance entityUid="JFH*:*b0fe54c65e2c730cd733d835" name="Joint_B &lt;2&gt;"
                   uid="M2C0eyGjAIQVyKu84">
            <Transform>
               <Rotation>0.755293144 0.652539691 -0.061026379 0.155033027 -0.087417441 0.984034020 0.636786485 -0.752695253 -0.167190997 </Rotation>
               <Translation>-0.085288064 -0.120782995 -0.596826037 </Translation>
            </Transform>
         </Instance>
         <Instance entityUid="20c19bc2414859b8e1ac8e1c" name="Slider &lt;1&gt;" uid="M3YJywbOrxM2vY57N">
            <Transform>
               <Rotation>-0.999753875 0.008541288 -0.020475233 0.000000000 0.922917760 0.384997154 0.022185328 0.384902396 -0.922690607 </Rotation>
               <Translation>-0.009542585 -0.307448830 -0.023613780 </Translation>
            </Transform>
            <Instance entityUid="f2306f419b91c97e0ba28ef7" name="Extension_Bloc &lt;1&gt;"
                      uid="MANel8YSwSHPlT9ia">
               <Transform>
                  <Rotation>-0.999753875 -0.020475233 -0.008541288 0.000000000 0.384997154 -0.922917760 0.022185328 -0.922690607 -0.384902396 </Rotation>
                  <Translation>-0.037406775 -0.369315206 -0.078673949 </Translation>
               </Transform>
               <Instance entityUid="JFL*:*5231ec5207d743843fcb52b2" name="Stator_Fixation_SSCP &lt;1&gt;"
                         uid="M4pKZFKUAhYrUcqxq">
                  <Transform>
                     <Rotation>0.999753875 0.022185328 -0.000000000 0.020475233 -0.922690607 0.384997154 0.008541288 -0.384902396 -0.922917760 </Rotation>
                     <Translation>-0.061670079 0.011950023 -0.308192267 </Translation>
                  </Transform>
               </Instance>
               <Instance entityUid="JFP*:*5231ec5207d743843fcb52b2" name="Base_Joint_Fixation &lt;1&gt;"
                         uid="MhGGjslxj1E6oeXB3">
                  <Transform>
                     <Rotation>-0.999753875 0.022185328 0.000000000 -0.020475233 -0.922690607 -0.384997154 -0.008541288 -0.384902396 0.922917760 </Rotation>
                     <Translation>-0.064472641 0.129182659 -0.261184578 </Translation>
                  </Transform>
               </Instance>
               <Instance entityUid="JFT*:*5231ec5207d743843fcb52b2" grounded="true"
                         name="Allu_Extru_Square &lt;1&gt;"
                         uid="MjbSa5sMUsFS8sf33">
                  <Transform>
                     <Rotation>-0.999753875 -0.000000000 0.022185328 -0.020475233 0.384997154 -0.922690607 -0.008541288 -0.922917760 -0.384902396 </Rotation>
                     <Translation>-0.062609073 0.051676648 -0.293516379 </Translation>
                  </Transform>
               </Instance>
            </Instance>
            <Instance entityUid="JFD*:*5231ec5207d743843fcb52b2" grounded="true" name="Slider &lt;1&gt;"
                      uid="MpDkDYXe/QJNefJOO">
               <Transform>
                  <Rotation>1.000000000 0.000000000 -0.000000000 0.000000000 1.000000000 0.000000000 0.000000000 0.000000000 1.000000000 </Rotation>
                  <Translation>0.026635805 -0.080278364 0.046055648 </Translation>
               </Transform>
            </Instance>
         </Instance>
         <Instance entityUid="20c19bc2414859b8e1ac8e1c" name="Slider &lt;2&gt;" uid="M3uV6/vnWiNI8xyR3">
            <Transform>
               <Rotation>0.000000000 0.885781675 0.464102171 0.990731396 0.063041580 -0.120320653 -0.135835563 0.459800592 -0.877571715 </Rotation>
               <Translation>-0.303342965 -0.067143930 -0.009515117 </Translation>
            </Transform>
            <Instance entityUid="f2306f419b91c97e0ba28ef7" name="Extension_Bloc &lt;1&gt;"
                      uid="MANel8YSwSHPlT9ia">
               <Transform>
                  <Rotation>-0.000000000 0.464102171 -0.885781675 0.990731396 -0.120320653 -0.063041580 -0.135835563 -0.877571715 -0.459800592 </Rotation>
                  <Translation>-0.360113315 -0.049021068 -0.073422653 </Translation>
               </Transform>
               <Instance entityUid="JFL*:*5231ec5207d743843fcb52b2" name="Stator_Fixation_SSCP &lt;1&gt;"
                         uid="M4pKZFKUAhYrUcqxq">
                  <Transform>
                     <Rotation>0.000000000 -0.135835563 0.990731396 -0.464102171 -0.877571715 -0.120320653 0.885781675 -0.459800592 -0.063041580 </Rotation>
                     <Translation>-0.044684029 0.094636303 -0.387034656 </Translation>
                  </Transform>
               </Instance>
               <Instance entityUid="JFP*:*5231ec5207d743843fcb52b2" name="Base_Joint_Fixation &lt;1&gt;"
                         uid="MhGGjslxj1E6oeXB3">
                  <Transform>
                     <Rotation>-0.000000000 -0.135835563 -0.990731396 0.464102171 -0.877571715 0.120320653 -0.885781675 -0.459800592 0.063041580 </Rotation>
                     <Translation>-0.025790822 0.205284989 -0.329060669 </Translation>
                  </Transform>
               </Instance>
               <Instance entityUid="JFT*:*5231ec5207d743843fcb52b2" grounded="true"
                         name="Allu_Extru_Square &lt;1&gt;"
                         uid="MjbSa5sMUsFS8sf33">
                  <Transform>
                     <Rotation>-0.000000000 0.990731396 -0.135835563 0.464102171 -0.120320653 -0.877571715 -0.885781675 -0.063041580 -0.459800592 </Rotation>
                     <Translation>-0.037201009 0.131568965 -0.367683919 </Translation>
                  </Transform>
               </Instance>
            </Instance>
            <Instance entityUid="JFD*:*5231ec5207d743843fcb52b2" grounded="true" name="Slider &lt;1&gt;"
                      uid="MpDkDYXe/QJNefJOO">
               <Transform>
                  <Rotation>1.000000000 0.000000000 0.000000000 -0.000000000 1.000000000 -0.000000000 0.000000000 0.000000000 1.000000000 </Rotation>
                  <Translation>0.026635805 -0.080278364 0.046055648 </Translation>
               </Transform>
            </Instance>
         </Instance>
         <Instance entityUid="JFH*:*b0fe54c65e2c730cd733d835" name="Joint_B &lt;3&gt;"
                   uid="M4SeKyAX6zjtCWDBZ">
            <Transform>
               <Rotation>-0.932782174 0.216438872 0.288221496 0.357401045 0.451769482 0.817415945 0.046710909 0.865481686 -0.498757999 </Rotation>
               <Translation>0.046264533 0.020402129 -0.613420548 </Translation>
            </Transform>
         </Instance>
         <Instance entityUid="JFD*:*b0fe54c65e2c730cd733d835" name="Joint_A &lt;4&gt;"
                   uid="M4Va78LvDkJORCA9V">
            <Transform>
               <Rotation>0.033437877 -0.887558839 -0.459479288 -0.997756487 -0.002965409 -0.066881979 0.057999148 0.460684832 -0.885666746 </Rotation>
               <Translation>0.082633543 -0.013560110 -0.614054808 </Translation>
            </Transform>
         </Instance>
         <Instance entityUid="20c19bc2414859b8e1ac8e1c" name="Slider &lt;5&gt;" uid="M5lkv2i2ywupBrVaH">
            <Transform>
               <Rotation>-0.996336958 -0.036219974 0.077464693 0.000000000 0.905870171 0.423555466 -0.085514123 0.422003965 -0.902551931 </Rotation>
               <Translation>0.066541860 -0.305364753 -0.015961074 </Translation>
            </Transform>
            <Instance entityUid="f2306f419b91c97e0ba28ef7" name="Extension_Bloc &lt;1&gt;"
                      uid="MANel8YSwSHPlT9ia">
               <Transform>
                  <Rotation>-0.996336958 0.077464693 0.036219974 0.000000000 0.423555466 -0.905870171 -0.085514123 -0.902551931 -0.422003965 </Rotation>
                  <Translation>0.044982509 -0.364829910 -0.076248496 </Translation>
               </Transform>
               <Instance entityUid="JFL*:*5231ec5207d743843fcb52b2" name="Stator_Fixation_SSCP &lt;1&gt;"
                         uid="M4pKZFKUAhYrUcqxq">
                  <Transform>
                     <Rotation>0.996336958 -0.085514123 -0.000000000 -0.077464693 -0.902551931 0.423555466 -0.036219974 -0.422003965 -0.905870171 </Rotation>
                     <Translation>0.009402779 0.025413510 -0.302237035 </Translation>
                  </Transform>
               </Instance>
               <Instance entityUid="JFP*:*5231ec5207d743843fcb52b2" name="Base_Joint_Fixation &lt;1&gt;"
                         uid="MhGGjslxj1E6oeXB3">
                  <Transform>
                     <Rotation>-0.996336958 -0.085514123 0.000000000 0.077464693 -0.902551931 -0.423555466 0.036219974 -0.422003965 0.905870171 </Rotation>
                     <Translation>0.020205351 0.140169605 -0.250512657 </Translation>
                  </Transform>
               </Instance>
               <Instance entityUid="JFT*:*5231ec5207d743843fcb52b2" grounded="true"
                         name="Allu_Extru_Square &lt;1&gt;"
                         uid="MjbSa5sMUsFS8sf33">
                  <Transform>
                     <Rotation>-0.996336958 -0.000000000 -0.085514123 0.077464693 0.423555466 -0.902551931 0.036219974 -0.905870171 -0.422003965 </Rotation>
                     <Translation>0.013022165 0.064355242 -0.285960990 </Translation>
                  </Transform>
               </Instance>
            </Instance>
            <Instance entityUid="JFD*:*5231ec5207d743843fcb52b2" grounded="true" name="Slider &lt;1&gt;"
                      uid="MpDkDYXe/QJNefJOO">
               <Transform>
                  <Rotation>1.000000000 0.000000000 0.000000000 0.000000000 1.000000000 0.000000000 0.000000000 0.000000000 1.000000000 </Rotation>
                  <Translation>0.026635805 -0.080278364 0.046055648 </Translation>
               </Transform>
            </Instance>
         </Instance>
         <Instance entityUid="17517293b29a4fa8082e9099" name="Stem_ASBLY_Big &lt;1&gt;"
                   uid="M9CjMFR5ZsTWoqbKx">
            <Transform>
               <Rotation>1.000000000 0.000000000 0.000000000 0.000000000 1.000000000 0.000000000 0.000000000 0.000000000 1.000000000 </Rotation>
               <Translation>0.000000000 0.000000000 0.000000000 </Translation>
            </Transform>
            <Instance entityUid="JFD*:*145ce1427bbac92f66e85e98" name="NR_Joint_Big &lt;1&gt;"
                      uid="MKCzpbOibs8kLd/VG">
               <Transform>
                  <Rotation>-0.683306845 -0.551435291 0.478550808 0.681772883 -0.716456084 0.147906780 0.261299619 0.427328680 0.865512974 </Rotation>
                  <Translation>0.106197006 -0.130804908 -0.531820131 </Translation>
               </Transform>
            </Instance>
            <Instance entityUid="JFH*:*5231ec5207d743843fcb52b2" name="Stem &lt;1&gt;"
                      uid="MLcf/Po2HT9hwk865">
               <Transform>
                  <Rotation>-0.551435291 0.683306845 0.478550808 -0.716456084 -0.681772883 0.147906780 0.427328680 -0.261299619 0.865512974 </Rotation>
                  <Translation>0.383756475 -0.045018975 -0.029822606 </Translation>
               </Transform>
            </Instance>
         </Instance>
         <Instance entityUid="20c19bc2414859b8e1ac8e1c" name="Slider &lt;8&gt;" uid="M9lC7zaOP4yw+Pn6P">
            <Transform>
               <Rotation>0.000000000 0.884295329 0.466928014 0.997965138 0.029772228 -0.056384371 -0.063761924 0.465977881 -0.882495910 </Rotation>
               <Translation>-0.303208837 0.005776105 -0.011391872 </Translation>
            </Transform>
            <Instance entityUid="f2306f419b91c97e0ba28ef7" name="Extension_Bloc &lt;1&gt;"
                      uid="MANel8YSwSHPlT9ia">
               <Transform>
                  <Rotation>0.000000000 0.466928014 -0.884295329 0.997965138 -0.056384371 -0.029772228 -0.063761924 -0.882495910 -0.465977881 </Rotation>
                  <Translation>-0.359784599 0.028466037 -0.074000450 </Translation>
               </Transform>
               <Instance entityUid="JFL*:*5231ec5207d743843fcb52b2" name="Stator_Fixation_SSCP &lt;1&gt;"
                         uid="M4pKZFKUAhYrUcqxq">
                  <Transform>
                     <Rotation>0.000000000 -0.063761924 0.997965138 -0.466928014 -0.882495910 -0.056384371 0.884295329 -0.465977880 -0.029772228 </Rotation>
                     <Translation>-0.114998534 0.096939155 -0.385795090 </Translation>
                  </Transform>
               </Instance>
               <Instance entityUid="JFP*:*5231ec5207d743843fcb52b2" name="Base_Joint_Fixation &lt;1&gt;"
                         uid="MhGGjslxj1E6oeXB3">
                  <Transform>
                     <Rotation>-0.000000000 -0.063761924 -0.997965138 0.466928014 -0.882495910 0.056384371 -0.884295329 -0.465977880 0.029772228 </Rotation>
                     <Translation>-0.105197370 0.208321778 -0.326982536 </Translation>
                  </Transform>
               </Instance>
               <Instance entityUid="JFT*:*5231ec5207d743843fcb52b2" grounded="true"
                         name="Allu_Extru_Square &lt;1&gt;"
                         uid="MjbSa5sMUsFS8sf33">
                  <Transform>
                     <Rotation>-0.000000000 0.997965138 -0.063761924 0.466928014 -0.056384371 -0.882495910 -0.884295329 -0.029772228 -0.465977880 </Rotation>
                     <Translation>-0.110553371 0.134192122 -0.366124677 </Translation>
                  </Transform>
               </Instance>
            </Instance>
            <Instance entityUid="JFD*:*5231ec5207d743843fcb52b2" grounded="true" name="Slider &lt;1&gt;"
                      uid="MpDkDYXe/QJNefJOO">
               <Transform>
                  <Rotation>1.000000000 0.000000000 0.000000000 0.000000000 1.000000000 0.000000000 0.000000000 0.000000000 1.000000000 </Rotation>
                  <Translation>0.026635805 -0.080278364 0.046055648 </Translation>
               </Transform>
            </Instance>
         </Instance>
         <Instance entityUid="JFD*:*b0fe54c65e2c730cd733d835" name="Joint_A &lt;5&gt;"
                   uid="MACTrmYzjnLns40Ae">
            <Transform>
               <Rotation>0.884579102 -0.314856969 -0.344071069 -0.330119284 -0.943820461 0.014973158 -0.329455718 0.100339552 -0.938824214 </Rotation>
               <Translation>0.072573883 -0.136090996 -0.605953414 </Translation>
            </Transform>
         </Instance>
         <Instance entityUid="JFD*:*01d58e79bf94692cc2bcd491" name="BaseJoint &lt;8&gt;"
                   uid="MAUKdE+d/RE7jjSIs">
            <Transform>
               <Rotation>0.000000000 -0.000000000 1.000000000 0.997965138 0.063761924 -0.000000000 -0.063761924 0.997965138 -0.000000000 </Rotation>
               <Translation>-0.343100000 0.035000000 0.028657481 </Translation>
            </Transform>
         </Instance>
         <Instance entityUid="JFH*:*b0fe54c65e2c730cd733d835" name="Joint_B &lt;5&gt;"
                   uid="MBbec05n8cuzl/u5z">
            <Transform>
               <Rotation>0.413695567 -0.215350387 -0.884579102 0.881549115 0.337479504 0.330119284 0.227436001 -0.916368810 0.329455718 </Rotation>
               <Translation>0.072573883 -0.136090996 -0.605953414 </Translation>
            </Transform>
         </Instance>
         <Instance entityUid="JFH*:*b0fe54c65e2c730cd733d835" name="Joint_B &lt;4&gt;"
                   uid="MDYxYY1DopsRMgrB1">
            <Transform>
               <Rotation>0.689313062 -0.723691516 -0.033437877 -0.018997277 -0.064195765 0.997756487 -0.724214475 -0.687131351 -0.057999148 </Rotation>
               <Translation>0.082633543 -0.013560110 -0.614054808 </Translation>
            </Transform>
         </Instance>
         <Instance entityUid="JFD*:*01d58e79bf94692cc2bcd491" name="BaseJoint &lt;4&gt;"
                   uid="MF35xeElqDPzRs2Rk">
            <Transform>
               <Rotation>0.000000000 -0.000000000 -1.000000000 -0.997160807 0.075301560 0.000000000 0.075301560 0.997160807 -0.000000000 </Rotation>
               <Translation>0.343100000 0.035000000 0.028657481 </Translation>
            </Transform>
         </Instance>
         <Instance entityUid="JFL*:*b0fe54c65e2c730cd733d835" name="Joint_C &lt;5&gt;"
                   uid="MGpt5P00r7UJDt4Zy">
            <Transform>
               <Rotation>-0.413695567 0.714137596 0.564679973 -0.881549115 -0.159270613 -0.444414254 -0.227436001 -0.681645337 0.695436913 </Rotation>
               <Translation>0.056480504 -0.123425190 -0.625773366 </Translation>
            </Transform>
         </Instance>
         <Instance entityUid="JFL*:*b0fe54c65e2c730cd733d835" name="Joint_C &lt;2&gt;"
                   uid="MKMHnD9azZ235KGGB">
            <Transform>
               <Rotation>-0.755293144 0.283356612 -0.590966410 -0.155033027 -0.953360679 -0.258975243 -0.636786485 -0.103982914 0.763996418 </Rotation>
               <Translation>-0.068445521 -0.113402200 -0.618599935 </Translation>
            </Transform>
         </Instance>
         <Instance entityUid="20c19bc2414859b8e1ac8e1c" name="Slider &lt;6&gt;" uid="MLvZEomIRITxvvQ2l">
            <Transform>
               <Rotation>0.000000000 -0.878059864 -0.478550808 -0.985710667 0.080610573 -0.147906780 0.168447262 0.471712636 -0.865512974 </Rotation>
               <Translation>0.302666750 -0.015568819 -0.015613240 </Translation>
            </Transform>
            <Instance entityUid="f2306f419b91c97e0ba28ef7" name="Extension_Bloc &lt;1&gt;"
                      uid="MANel8YSwSHPlT9ia">
               <Transform>
                  <Rotation>-0.000000000 -0.478550808 0.878059864 -0.985710667 -0.147906780 -0.080610573 0.168447262 -0.865512974 -0.471712636 </Rotation>
                  <Translation>0.358432577 -0.052229899 -0.072019104 </Translation>
               </Transform>
               <Instance entityUid="JFL*:*5231ec5207d743843fcb52b2" name="Stator_Fixation_SSCP &lt;1&gt;"
                         uid="M4pKZFKUAhYrUcqxq">
                  <Transform>
                     <Rotation>0.000000000 0.168447262 -0.985710667 0.478550808 -0.865512974 -0.147906780 -0.878059864 -0.471712636 -0.080610573 </Rotation>
                     <Translation>0.044420766 0.076746931 -0.336047095 </Translation>
                  </Transform>
               </Instance>
               <Instance entityUid="JFP*:*5231ec5207d743843fcb52b2" name="Base_Joint_Fixation &lt;1&gt;"
                         uid="MhGGjslxj1E6oeXB3">
                  <Transform>
                     <Rotation>-0.000000000 0.168447262 0.985710667 -0.478550808 -0.865512974 0.147906780 0.878059864 -0.471712636 0.080610573 </Rotation>
                     <Translation>0.021416672 0.185824021 -0.276599065 </Translation>
                  </Transform>
               </Instance>
               <Instance entityUid="JFT*:*5231ec5207d743843fcb52b2" grounded="true"
                         name="Allu_Extru_Square &lt;1&gt;"
                         uid="MjbSa5sMUsFS8sf33">
                  <Transform>
                     <Rotation>-0.000000000 -0.985710667 0.168447262 -0.478550808 -0.147906780 -0.865512974 0.878059864 -0.080610573 -0.471712636 </Rotation>
                     <Translation>0.035566242 0.113120931 -0.316222926 </Translation>
                  </Transform>
               </Instance>
            </Instance>
            <Instance entityUid="JFD*:*5231ec5207d743843fcb52b2" grounded="true" name="Slider &lt;1&gt;"
                      uid="MpDkDYXe/QJNefJOO">
               <Transform>
                  <Rotation>1.000000000 0.000000000 0.000000000 0.000000000 1.000000000 0.000000000 0.000000000 0.000000000 1.000000000 </Rotation>
                  <Translation>0.026635805 -0.080278364 0.046055648 </Translation>
               </Transform>
            </Instance>
         </Instance>
         <Instance entityUid="JFD*:*b0fe54c65e2c730cd733d835" name="Joint_A &lt;6&gt;"
                   uid="MM7CjXgq5YkkJYAf7">
            <Transform>
               <Rotation>-0.013214462 -0.811797508 0.583789503 -0.989900600 0.093034899 0.106964060 -0.141145955 -0.576480107 -0.804828246 </Rotation>
               <Translation>-0.074607256 0.001259036 -0.604162451 </Translation>
            </Transform>
         </Instance>
         <Instance entityUid="dfd6a278815e37caaa2ee01a" name="Stem_ASBLY_Little &lt;1&gt;"
                   uid="MMPPmSEvBSkjjGnw5">
            <Transform>
               <Rotation>1.000000000 0.000000000 0.000000000 0.000000000 1.000000000 0.000000000 0.000000000 0.000000000 1.000000000 </Rotation>
               <Translation>0.000000000 0.000000000 0.000000000 </Translation>
            </Transform>
            <Instance entityUid="JFH*:*5231ec5207d743843fcb52b2" name="Stem &lt;1&gt;"
                      uid="M/aiVa94jfSZAiHxR">
               <Transform>
                  <Rotation>0.726010315 -0.683306845 -0.077464693 0.596478418 0.681772883 -0.423555466 0.342231676 0.261299619 0.902551931 </Rotation>
                  <Translation>0.039026864 -0.399325568 -0.006858452 </Translation>
               </Transform>
            </Instance>
            <Instance entityUid="JFD*:*b0123572551d94188a5fa470" name="NR_Joint_Little &lt;1&gt;"
                      uid="M68DzNdYO8ojtWunb">
               <Transform>
                  <Rotation>0.683306845 -0.726010315 0.077464693 -0.681772883 -0.596478418 0.423555466 -0.261299619 -0.342231676 -0.902551931 </Rotation>
                  <Translation>0.083956386 -0.153663397 -0.530338573 </Translation>
               </Transform>
            </Instance>
         </Instance>
         <Instance entityUid="JFD*:*b0fe54c65e2c730cd733d835" name="Joint_A &lt;3&gt;"
                   uid="MO5dPIp9v/1bUnWiw">
            <Transform>
               <Rotation>-0.288221496 -0.957446802 0.014966324 -0.817415945 0.237866862 -0.524643239 0.498757999 -0.163447171 -0.851190625 </Rotation>
               <Translation>0.046264533 0.020402129 -0.613420548 </Translation>
            </Transform>
         </Instance>
         <Instance entityUid="20c19bc2414859b8e1ac8e1c" name="Slider &lt;4&gt;" uid="MO88gZIP8D5K4WTtT">
            <Transform>
               <Rotation>0.000000000 -0.888188484 -0.459479288 -0.997160807 0.034599507 -0.066881979 0.075301560 0.458174738 -0.885666746 </Rotation>
               <Translation>0.303564333 0.058315224 -0.015986704 </Translation>
            </Transform>
            <Instance entityUid="f2306f419b91c97e0ba28ef7" name="Extension_Bloc &lt;1&gt;"
                      uid="MANel8YSwSHPlT9ia">
               <Transform>
                  <Rotation>-0.000000000 -0.459479288 0.888188484 -0.997160807 -0.066881979 -0.034599507 0.075301560 -0.885666746 -0.458174738 </Rotation>
                  <Translation>0.360651072 0.027195025 -0.074365821 </Translation>
               </Transform>
               <Instance entityUid="JFL*:*5231ec5207d743843fcb52b2" name="Stator_Fixation_SSCP &lt;1&gt;"
                         uid="M4pKZFKUAhYrUcqxq">
                  <Transform>
                     <Rotation>0.000000000 0.075301560 -0.997160807 0.459479288 -0.885666746 -0.066881979 -0.888188484 -0.458174738 -0.034599507 </Rotation>
                     <Translation>0.114843097 0.070392674 -0.339647830 </Translation>
                  </Transform>
               </Instance>
               <Instance entityUid="JFP*:*5231ec5207d743843fcb52b2" name="Base_Joint_Fixation &lt;1&gt;"
                         uid="MhGGjslxj1E6oeXB3">
                  <Transform>
                     <Rotation>-0.000000000 0.075301560 0.997160807 -0.459479288 -0.885666746 0.066881979 0.888188484 -0.458174738 0.034599507 </Rotation>
                     <Translation>0.103585596 0.182157483 -0.281829455 </Translation>
                  </Transform>
               </Instance>
               <Instance entityUid="JFT*:*5231ec5207d743843fcb52b2" grounded="true"
                         name="Allu_Extru_Square &lt;1&gt;"
                         uid="MjbSa5sMUsFS8sf33">
                  <Transform>
                     <Rotation>-0.000000000 -0.997160807 0.075301560 -0.459479288 -0.066881979 -0.885666746 0.888188484 -0.034599507 -0.458174738 </Rotation>
                     <Translation>0.109910927 0.107761476 -0.320316133 </Translation>
                  </Transform>
               </Instance>
            </Instance>
            <Instance entityUid="JFD*:*5231ec5207d743843fcb52b2" grounded="true" name="Slider &lt;1&gt;"
                      uid="MpDkDYXe/QJNefJOO">
               <Transform>
                  <Rotation>1.000000000 0.000000000 -0.000000000 0.000000000 1.000000000 0.000000000 0.000000000 0.000000000 1.000000000 </Rotation>
                  <Translation>0.026635805 -0.080278364 0.046055648 </Translation>
               </Transform>
            </Instance>
         </Instance>
         <Instance entityUid="dfd6a278815e37caaa2ee01a" name="Stem_ASBLY_Little &lt;2&gt;"
                   uid="MOQREIQgi7WrmnX9D">
            <Transform>
               <Rotation>1.000000000 0.000000000 0.000000000 0.000000000 1.000000000 0.000000000 0.000000000 0.000000000 1.000000000 </Rotation>
               <Translation>0.000000000 0.000000000 0.000000000 </Translation>
            </Transform>
            <Instance entityUid="JFH*:*5231ec5207d743843fcb52b2" name="Stem &lt;1&gt;"
                      uid="M/aiVa94jfSZAiHxR">
               <Transform>
                  <Rotation>-0.752547639 0.652883748 0.086109600 -0.499489682 -0.651108379 0.571461229 0.429164431 0.387040942 0.816098769 </Rotation>
                  <Translation>-0.045789545 0.351063148 -0.064308006 </Translation>
               </Transform>
            </Instance>
            <Instance entityUid="JFD*:*b0123572551d94188a5fa470" name="NR_Joint_Little &lt;1&gt;"
                      uid="M68DzNdYO8ojtWunb">
               <Transform>
                  <Rotation>-0.652883748 0.752547639 -0.086109600 0.651108379 0.499489682 -0.571461229 -0.387040942 -0.429164431 -0.816098769 </Rotation>
                  <Translation>-0.095733113 0.019615635 -0.537645291 </Translation>
               </Transform>
            </Instance>
         </Instance>
         <Instance entityUid="JFD*:*01d58e79bf94692cc2bcd491" name="BaseJoint &lt;5&gt;"
                   uid="MPbJzvy0FLRFzhZ42">
            <Transform>
               <Rotation>0.996336958 0.085514123 0.000000000 -0.000000000 -0.000000000 1.000000000 0.085514123 -0.996336958 -0.000000000 </Rotation>
               <Translation>0.035000000 -0.343100000 0.028657481 </Translation>
            </Transform>
         </Instance>
         <Instance entityUid="51dab342e75b4e4c77402211" name="Stem_ASBLY_NR &lt;4&gt;"
                   uid="MQ+naCiXbBxp3teHu">
            <Transform>
               <Rotation>1.000000000 0.000000000 0.000000000 0.000000000 1.000000000 0.000000000 0.000000000 0.000000000 1.000000000 </Rotation>
               <Translation>0.000000000 0.000000000 0.000000000 </Translation>
            </Transform>
            <Instance entityUid="JFD*:*9417bee971daeeb856c192b8" name="Swivel &lt;1&gt;"
                      uid="Mh9B/Kmdg98CCGYsF">
               <Transform>
                  <Rotation>-0.888188484 0.000000000 0.459479288 0.034599507 -0.997160807 0.066881979 0.458174738 0.075301560 0.885666746 </Rotation>
                  <Translation>0.107945108 -0.009875749 -0.565265641 </Translation>
               </Transform>
            </Instance>
            <Instance entityUid="JFH*:*5231ec5207d743843fcb52b2" name="Stem &lt;1&gt;"
                      uid="MxEFiWvqxXRi8zmII">
               <Transform>
                  <Rotation>-0.888188484 0.000000000 0.459479288 0.034599507 -0.997160807 0.066881979 0.458174738 0.075301560 0.885666746 </Rotation>
                  <Translation>0.374443095 0.028915799 -0.051578929 </Translation>
               </Transform>
            </Instance>
         </Instance>
         <Instance entityUid="JFD*:*01d58e79bf94692cc2bcd491" name="BaseJoint &lt;3&gt;"
                   uid="MSantyFxnSSpUG4iz">
            <Transform>
               <Rotation>0.999845458 -0.017580094 -0.000000000 -0.000000000 -0.000000000 -1.000000000 0.017580094 0.999845458 -0.000000000 </Rotation>
               <Translation>0.035000000 0.343100000 0.028657481 </Translation>
            </Transform>
         </Instance>
         <Instance entityUid="20c19bc2414859b8e1ac8e1c" name="Slider &lt;7&gt;" uid="MWBj08wxGdpzsDgv2">
            <Transform>
               <Rotation>0.994479483 0.059964118 -0.086109600 -0.000000000 -0.820629066 -0.571461229 -0.104931209 0.568306468 -0.816098769 </Rotation>
               <Translation>-0.065393388 0.298929099 0.003738335 </Translation>
            </Transform>
            <Instance entityUid="f2306f419b91c97e0ba28ef7" name="Extension_Bloc &lt;1&gt;"
                      uid="MANel8YSwSHPlT9ia">
               <Transform>
                  <Rotation>0.994479483 -0.086109600 -0.059964118 -0.000000000 -0.571461229 0.820629066 -0.104931209 -0.816098769 -0.568306468 </Rotation>
                  <Translation>-0.045986317 0.347624773 -0.066172900 </Translation>
               </Transform>
               <Instance entityUid="JFL*:*5231ec5207d743843fcb52b2" name="Stator_Fixation_SSCP &lt;1&gt;"
                         uid="M4pKZFKUAhYrUcqxq">
                  <Transform>
                     <Rotation>-0.994479483 -0.104931209 -0.000000000 0.086109600 -0.816098769 -0.571461229 0.059964118 -0.568306468 0.820629066 </Rotation>
                     <Translation>0.062386160 0.161784838 -0.408771013 </Translation>
                  </Transform>
               </Instance>
               <Instance entityUid="JFP*:*5231ec5207d743843fcb52b2" name="Base_Joint_Fixation &lt;1&gt;"
                         uid="MhGGjslxj1E6oeXB3">
                  <Transform>
                     <Rotation>0.994479483 -0.104931209 0.000000000 -0.086109600 -0.816098769 0.571461229 -0.059964118 -0.568306468 -0.820629066 </Rotation>
                     <Translation>0.075641595 0.263878458 -0.335543598 </Translation>
                  </Transform>
               </Instance>
               <Instance entityUid="JFT*:*5231ec5207d743843fcb52b2" grounded="true"
                         name="Allu_Extru_Square &lt;1&gt;"
                         uid="MjbSa5sMUsFS8sf33">
                  <Transform>
                     <Rotation>0.994479483 -0.000000000 -0.104931209 -0.086109600 -0.571461229 -0.816098769 -0.059964118 0.820629066 -0.568306468 </Rotation>
                     <Translation>0.066827373 0.195326161 -0.383281341 </Translation>
                  </Transform>
               </Instance>
            </Instance>
            <Instance entityUid="JFD*:*5231ec5207d743843fcb52b2" grounded="true" name="Slider &lt;1&gt;"
                      uid="MpDkDYXe/QJNefJOO">
               <Transform>
                  <Rotation>1.000000000 0.000000000 0.000000000 0.000000000 1.000000000 0.000000000 0.000000000 0.000000000 1.000000000 </Rotation>
                  <Translation>0.026635805 -0.080278364 0.046055648 </Translation>
               </Transform>
            </Instance>
         </Instance>
         <Instance entityUid="JFL*:*b0fe54c65e2c730cd733d835" name="Joint_C &lt;4&gt;"
                   uid="MXFzFQNZ5p2V6l0QX">
            <Transform>
               <Rotation>-0.689313062 0.230565312 0.686794830 0.018997277 -0.941925962 0.335282845 0.724214475 0.244162077 0.644901756 </Rotation>
               <Translation>0.063059890 -0.023115671 -0.632434508 </Translation>
            </Transform>
         </Instance>
         <Instance entityUid="JFD*:*b0fe54c65e2c730cd733d835" name="Joint_A &lt;1&gt;"
                   uid="Ma8HwqrbR5w81Ipcw">
            <Transform>
               <Rotation>-0.054604333 -0.998298118 -0.020475233 -0.921937246 0.042531245 0.384997154 -0.383471097 0.039899393 -0.922690607 </Rotation>
               <Translation>-0.048919054 -0.154745234 -0.597460297 </Translation>
            </Transform>
         </Instance>
         <Instance entityUid="JFD*:*01d58e79bf94692cc2bcd491" name="BaseJoint &lt;1&gt;"
                   uid="MbCxPg3vPIZ2d0Nst">
            <Transform>
               <Rotation>0.999753875 -0.022185328 0.000000000 -0.000000000 0.000000000 1.000000000 -0.022185328 -0.999753875 -0.000000000 </Rotation>
               <Translation>-0.035000000 -0.343100000 0.028657481 </Translation>
            </Transform>
         </Instance>
         <Instance entityUid="JFD*:*01d58e79bf94692cc2bcd491" name="BaseJoint &lt;7&gt;"
                   uid="MbJQEMcl1S9HFV/QQ">
            <Transform>
               <Rotation>0.994479483 0.104931209 -0.000000000 -0.000000000 -0.000000000 -1.000000000 -0.104931209 0.994479483 0.000000000 </Rotation>
               <Translation>-0.035000000 0.343100000 0.028657481 </Translation>
            </Transform>
         </Instance>
         <Instance entityUid="51dab342e75b4e4c77402211" name="Stem_ASBLY_NR &lt;3&gt;"
                   uid="MbRIjUn+HWpGot8WX">
            <Transform>
               <Rotation>1.000000000 0.000000000 0.000000000 0.000000000 1.000000000 0.000000000 0.000000000 0.000000000 1.000000000 </Rotation>
               <Translation>0.000000000 0.000000000 0.000000000 </Translation>
            </Transform>
            <Instance entityUid="JFD*:*9417bee971daeeb856c192b8" name="Swivel &lt;1&gt;"
                      uid="Mh9B/Kmdg98CCGYsF">
               <Transform>
                  <Rotation>0.999845458 0.009223277 -0.014966324 -0.000000000 0.851322190 0.524643239 0.017580094 -0.524562160 0.851190625 </Rotation>
                  <Translation>0.045440075 0.049303414 -0.566530585 </Translation>
               </Transform>
            </Instance>
            <Instance entityUid="JFH*:*5231ec5207d743843fcb52b2" name="Stem &lt;1&gt;"
                      uid="MxEFiWvqxXRi8zmII">
               <Transform>
                  <Rotation>0.999845458 0.009223277 -0.014966324 -0.000000000 0.851322190 0.524643239 0.017580094 -0.524562160 0.851190625 </Rotation>
                  <Translation>0.036759608 0.353596492 -0.072840022 </Translation>
               </Transform>
            </Instance>
         </Instance>
         <Instance entityUid="JFD*:*01d58e79bf94692cc2bcd491" name="BaseJoint &lt;2&gt;"
                   uid="MiOZi5oVrkUZDljmj">
            <Transform>
               <Rotation>0.000000000 0.000000000 1.000000000 0.990731396 0.135835563 -0.000000000 -0.135835563 0.990731396 0.000000000 </Rotation>
               <Translation>-0.343100000 -0.035000000 0.028657481 </Translation>
            </Transform>
         </Instance>
         <Instance entityUid="JFH*:*b0fe54c65e2c730cd733d835" name="Joint_B &lt;6&gt;"
                   uid="Mirxd96zFiXEYyvhu">
            <Transform>
               <Rotation>0.798508362 0.601838661 0.013214462 -0.095409043 0.104851881 0.989900600 0.594374891 -0.791704685 0.141145955 </Rotation>
               <Translation>-0.074607256 0.001259036 -0.604162451 </Translation>
            </Transform>
         </Instance>
         <Instance entityUid="51dab342e75b4e4c77402211" name="Stem_ASBLY_NR &lt;1&gt;"
                   uid="MjEuJfox82Cz0pB29">
            <Transform>
               <Rotation>1.000000000 0.000000000 0.000000000 0.000000000 1.000000000 0.000000000 0.000000000 0.000000000 1.000000000 </Rotation>
               <Translation>0.000000000 0.000000000 0.000000000 </Translation>
            </Transform>
            <Instance entityUid="JFD*:*9417bee971daeeb856c192b8" name="Swivel &lt;1&gt;"
                      uid="Mh9B/Kmdg98CCGYsF">
               <Transform>
                  <Rotation>-0.999753875 -0.008541288 0.020475233 0.000000000 -0.922917760 -0.384997154 0.022185328 -0.384902396 0.922690607 </Rotation>
                  <Translation>-0.047791125 -0.175953764 -0.546631579 </Translation>
               </Transform>
            </Instance>
            <Instance entityUid="JFH*:*5231ec5207d743843fcb52b2" name="Stem &lt;1&gt;"
                      uid="MxEFiWvqxXRi8zmII">
               <Transform>
                  <Rotation>-0.999753875 -0.008541288 0.020475233 0.000000000 -0.922917760 -0.384997154 0.022185328 -0.384902396 0.922690607 </Rotation>
                  <Translation>-0.035915489 -0.399252113 -0.011471026 </Translation>
               </Transform>
            </Instance>
         </Instance>
         <Instance entityUid="JFH*:*b0fe54c65e2c730cd733d835" name="Joint_B &lt;1&gt;"
                   uid="Mn0PgAWlvVimyvEk9">
            <Transform>
               <Rotation>0.978998436 0.196419015 0.054604333 -0.124978166 0.366622658 0.921937246 0.161066820 -0.909399471 0.383471097 </Rotation>
               <Translation>-0.048919054 -0.154745234 -0.597460297 </Translation>
            </Transform>
         </Instance>
         <Instance entityUid="JFL*:*b0fe54c65e2c730cd733d835" name="Joint_C &lt;6&gt;"
                   uid="Mn6wWBFNF0Q+rJoov">
            <Transform>
               <Rotation>-0.798508362 -0.377574653 -0.468851552 0.095409043 -0.848378372 0.520721856 -0.594374891 0.371068078 0.713461261 </Rotation>
               <Translation>-0.061244987 -0.013581537 -0.624496097 </Translation>
            </Transform>
         </Instance>
         <Instance entityUid="JFL*:*b0fe54c65e2c730cd733d835" name="Joint_C &lt;1&gt;"
                   uid="Mok3Yc8BTtqUmwkJs">
            <Transform>
               <Rotation>-0.978998436 0.005306426 -0.203798686 0.124978166 -0.774166268 -0.620521593 -0.161066820 -0.632960055 0.757244378 </Rotation>
               <Translation>-0.043110792 -0.137060368 -0.619041762 </Translation>
            </Transform>
         </Instance>
         <Instance entityUid="JFD*:*213cf1ff0de6e340c17c69bc" name="Effector &lt;1&gt;"
                   uid="MpMGtURGkNSIe49mK">
            <Transform>
               <Rotation>-0.679201554 0.067760926 -0.730817150 -0.728933961 0.053957623 0.682454288 0.085676891 0.996241453 0.012745139 </Rotation>
               <Translation>-0.005084693 -0.070163573 -0.660683320 </Translation>
